5 8 0 10 15 12 0 13 7 4 0 14 2 0 0 0 
0 6 4 0 5 16 0 2 13 9 12 11 0 7 8 14 
16 9 7 0 8 0 0 0 15 3 6 10 13 4 12 5 
13 0 12 14 7 10 0 4 0 1 0 2 9 0 0 15 
1 13 5 0 11 6 0 8 9 14 15 12 4 10 7 3 
14 0 15 6 9 0 4 0 0 11 0 3 8 0 0 0 
12 0 10 4 16 13 15 7 6 5 2 8 14 11 0 9 
0 2 9 8 3 0 10 14 0 13 0 7 16 6 15 12 
0 10 0 0 4 2 8 16 11 12 1 13 15 3 14 7 
0 0 8 11 10 9 7 1 14 0 3 15 5 2 0 13 
0 0 13 15 6 0 12 0 0 0 0 0 1 0 16 4 
0 1 16 7 14 15 13 5 0 6 9 4 11 12 10 0 
6 4 11 3 2 8 14 9 12 0 13 1 7 15 5 0 
7 16 0 0 12 0 11 10 8 15 5 9 0 0 4 1 
8 0 14 9 1 4 5 6 3 0 0 0 12 13 2 0 
10 5 1 0 13 7 0 15 4 2 0 6 3 8 9 11 
